# Data 1

list(n = 619)

# Data 2

air_temperature[]   cloud[]   gsr[]   hum[]   sap[]   rain[]   snow[]   feb[]   mar[]   apr[]   may[]   jun[]   jul[]   aug[]   sep[]   oct[]   nov[]   dec[]   hom_1[]   hom_2[]   hom_3[]
3.6  3.6  9.2  54.0  5.327631578947489  39.0  0.0  0  0  0  0  0  0  0  0  0  0  0  0  0  0
4.5  3.7  12.1  49.0  1.9276315789473983  43.5  0.0  1  0  0  0  0  0  0  0  0  0  0  0  0  0
8.2  6.3  13.9  61.0  7.027631578947421  106.6  4.0  0  1  0  0  0  0  0  0  0  0  0  0  0  0
14.9  6.3  16.4  63.0  4.027631578947421  183.1  0.0  0  0  1  0  0  0  0  0  0  0  0  0  0  0
19.8  7.5  15.9  69.0  1.3276315789474893  55.5  0.0  0  0  0  1  0  0  0  0  0  0  0  0  0  0
22.6  7.9  14.7  75.0  -0.8723684210525562  305.5  0.0  0  0  0  0  1  0  0  0  0  0  0  0  0  0
27.4  7.4  16.7  74.0  -1.972368421052579  29.5  0.0  0  0  0  0  0  1  0  0  0  0  0  0  0  0
26.8  7.1  13.4  77.0  -0.6723684210525107  30.9  0.0  0  0  0  0  0  0  1  0  0  0  0  0  0  0
25.3  5.9  12.7  72.0  3.127631578947444  37.0  0.0  0  0  0  0  0  0  0  1  0  0  0  0  0  0
18.3  8.5  7.6  78.0  5.627631578947444  338.4  0.0  0  0  0  0  0  0  0  0  1  0  0  0  0  0
12.7  5.9  9.1  63.0  9.227631578947467  50.7  0.0  0  0  0  0  0  0  0  0  0  1  0  0  0  0
7.2  2.9  8.4  58.0  3.8276315789474893  40.5  0.0  0  0  0  0  0  0  0  0  0  0  1  0  0  0
4.5  3.8  9.0  52.0  0.027631578947421076  40.5  0.0  0  0  0  0  0  0  0  0  0  0  0  0  0  0
5.9  4.1  11.3  48.0  4.2276315789474666  13.5  0.0  1  0  0  0  0  0  0  0  0  0  0  0  0  0
8.2  4.7  12.3  58.0  1.9276315789473983  65.5  0.0  0  1  0  0  0  0  0  0  0  0  0  0  0  0
14.1  6.2  15.0  61.0  5.427631578947398  124.2  0.0  0  0  1  0  0  0  0  0  0  0  0  0  0  0
18.4  7.2  13.9  70.0  0.8276315789474893  211.5  0.0  0  0  0  1  0  0  0  0  0  0  0  0  0  0
20.9  8.8  11.5  76.0  -1.472368421052579  244.5  0.0  0  0  0  0  1  0  0  0  0  0  0  0  0  0
25.1  7.8  11.9  81.0  -0.9723684210525789  166.9  0.0  0  0  0  0  0  1  0  0  0  0  0  0  0  0
28.1  5.3  16.2  71.0  -0.1723684210525107  50.1  0.0  0  0  0  0  0  0  1  0  0  0  0  0  0  0
24.5  6.9  12.1  70.0  2.7276315789474666  4.9  0.0  0  0  0  0  0  0  0  1  0  0  0  0  0  0
16.7  6.6  8.7  70.0  6.827631578947489  119.8  0.0  0  0  0  0  0  0  0  0  1  0  0  0  0  0
11.3  6.2  6.9  71.0  9.027631578947421  151.8  0.0  0  0  0  0  0  0  0  0  0  1  0  0  0  0
7.0  3.6  7.0  62.0  5.527631578947421  62.8  0.0  0  0  0  0  0  0  0  0  0  0  1  0  0  0
3.2  2.0  10.0  46.0  -6.672368421052511  0.2  0.0  0  0  0  0  0  0  0  0  0  0  0  0  0  0
4.8  4.9  12.8  48.0  3.627631578947444  21.3  0.0  1  0  0  0  0  0  0  0  0  0  0  0  0  0
7.6  5.5  13.4  59.0  4.827631578947489  86.7  8.0  0  1  0  0  0  0  0  0  0  0  0  0  0  0
13.9  6.7  15.7  68.0  8.627631578947444  76.1  0.0  0  0  1  0  0  0  0  0  0  0  0  0  0  0
18.4  8.6  12.6  74.0  3.127631578947444  135.1  0.0  0  0  0  1  0  0  0  0  0  0  0  0  0  0
21.8  8.4  12.6  78.0  1.3276315789474893  248.2  0.0  0  0  0  0  1  0  0  0  0  0  0  0  0  0
25.7  7.9  14.2  76.0  -0.07236842105260166  65.9  0.0  0  0  0  0  0  1  0  0  0  0  0  0  0  0
26.6  7.6  13.2  77.0  -2.6723684210525107  382.2  0.0  0  0  0  0  0  0  1  0  0  0  0  0  0  0
21.4  8.3  10.4  73.0  1.027631578947421  144.2  0.0  0  0  0  0  0  0  0  1  0  0  0  0  0  0
16.3  6.9  9.7  74.0  6.927631578947398  294.7  0.0  0  0  0  0  0  0  0  0  1  0  0  0  0  0
12.1  6.0  9.1  65.0  7.2276315789474666  90.6  0.0  0  0  0  0  0  0  0  0  0  1  0  0  0  0
8.1  3.8  8.0  59.0  6.327631578947489  29.8  0.0  0  0  0  0  0  0  0  0  0  0  1  0  0  0
5.4  6.6  6.6  60.0  7.627631578947444  144.6  0.0  0  0  0  0  0  0  0  0  0  0  0  0  0  0
4.2  6.3  10.5  56.0  9.127631578947444  64.0  10.0  1  0  0  0  0  0  0  0  0  0  0  0  0  0
7.6  5.9  13.3  57.0  5.2276315789474666  99.7  0.0  0  1  0  0  0  0  0  0  0  0  0  0  0  0
15.3  8.7  11.8  75.0  9.32763157894749  94.2  0.0  0  0  1  0  0  0  0  0  0  0  0  0  0  0
18.9  7.1  16.7  67.0  3.8276315789474893  80.4  0.0  0  0  0  1  0  0  0  0  0  0  0  0  0  0
21.5  8.6  12.8  73.0  -2.7723684210525334  139.9  0.0  0  0  0  0  1  0  0  0  0  0  0  0  0  0
25.5  7.8  13.0  80.0  -2.372368421052556  45.9  0.0  0  0  0  0  0  1  0  0  0  0  0  0  0  0
27.8  7.2  14.2  77.0  -1.2723684210525334  110.8  0.0  0  0  0  0  0  0  1  0  0  0  0  0  0  0
22.3  8.7  9.4  77.0  2.527631578947421  132.4  0.0  0  0  0  0  0  0  0  1  0  0  0  0  0  0
7.5  5.0  7.2  60.0  8.627631578947444  47.5  0.0  0  0  0  0  0  0  0  0  0  0  1  0  0  0
17.2  7.7  14.0  72.0  -2.372368421052556  400.0  0.0  0  0  0  1  0  0  0  0  0  0  0  0  0  0
12.7  6.2  8.0  61.0  3.8276315789474893  131.5  0.0  0  0  0  0  0  0  0  0  0  1  0  0  0  0
4.6  3.0  8.5  46.0  0.42763157894739834  23.6  0.0  0  0  0  0  0  0  0  0  0  0  0  0  0  0
7.2  5.5  9.3  51.0  0.9276315789473983  122.0  0.0  1  0  0  0  0  0  0  0  0  0  0  0  0  0
9.6  6.6  10.5  57.0  -2.972368421052579  99.9  0.0  0  1  0  0  0  0  0  0  0  0  0  0  0  0
13.6  7.8  11.2  68.0  0.7276315789474666  133.7  0.0  0  0  1  0  0  0  0  0  0  0  0  0  0  0
17.9  6.0  16.1  62.0  -1.6723684210525107  196.2  0.0  0  0  0  1  0  0  0  0  0  0  0  0  0  0
20.1  8.7  11.9  73.0  -3.472368421052579  510.2  0.0  0  0  0  0  1  0  0  0  0  0  0  0  0  0
24.4  8.3  10.9  76.0  -4.7723684210525334  160.8  0.0  0  0  0  0  0  1  0  0  0  0  0  0  0  0
26.9  6.7  13.6  71.0  -3.972368421052579  54.5  0.0  0  0  0  0  0  0  1  0  0  0  0  0  0  0
23.2  8.2  9.7  73.0  -2.972368421052579  197.1  0.0  0  0  0  0  0  0  0  1  0  0  0  0  0  0
18.9  5.5  10.4  65.0  1.6276315789474438  108.5  0.0  0  0  0  0  0  0  0  0  1  0  0  0  0  0
12.9  5.9  7.9  57.0  2.9276315789473983  29.0  0.0  0  0  0  0  0  0  0  0  0  1  0  0  0  0
6.6  4.8  7.2  47.0  2.3276315789474893  8.0  0.0  0  0  0  0  0  0  0  0  0  0  1  0  0  0
4.4  3.2  8.2  46.0  1.4276315789473983  32.2  0.0  0  0  0  0  0  0  0  0  0  0  0  0  0  0
4.9  5.0  9.6  57.0  4.2276315789474666  43.8  24.0  1  0  0  0  0  0  0  0  0  0  0  0  0  0
9.5  5.3  11.5  54.0  1.7276315789474666  69.7  0.0  0  1  0  0  0  0  0  0  0  0  0  0  0  0
14.5  7.0  12.6  58.0  4.827631578947489  104.7  0.0  0  0  1  0  0  0  0  0  0  0  0  0  0  0
20.0  6.3  16.8  62.0  -1.6723684210525107  49.3  0.0  0  0  0  1  0  0  0  0  0  0  0  0  0  0
23.0  7.4  14.6  67.0  -7.672368421052511  109.3  0.0  0  0  0  0  1  0  0  0  0  0  0  0  0  0
26.3  7.9  12.8  73.0  -6.172368421052511  89.2  0.0  0  0  0  0  0  1  0  0  0  0  0  0  0  0
28.0  7.4  12.3  67.0  -6.7723684210525334  67.3  0.0  0  0  0  0  0  0  1  0  0  0  0  0  0  0
22.6  8.4  8.6  74.0  -3.472368421052579  148.8  0.0  0  0  0  0  0  0  0  1  0  0  0  0  0  0
16.9  6.9  8.6  66.0  2.2276315789474666  214.7  0.0  0  0  0  0  0  0  0  0  1  0  0  0  0  0
12.1  7.1  6.6  61.0  7.327631578947489  61.4  0.0  0  0  0  0  0  0  0  0  0  1  0  0  0  0
6.7  3.3  7.5  53.0  2.3276315789474893  32.9  0.0  0  0  0  0  0  0  0  0  0  0  1  0  0  0
5.7  3.2  9.4  44.0  -2.472368421052579  9.5  0.0  0  0  0  0  0  0  0  0  0  0  0  0  0  0
4.3  4.4  11.3  44.0  2.127631578947444  48.0  30.0  1  0  0  0  0  0  0  0  0  0  0  0  0  0
10.0  6.7  10.8  56.0  0.5276315789474211  94.0  0.0  0  1  0  0  0  0  0  0  0  0  0  0  0  0
14.1  6.4  13.9  62.0  4.027631578947421  117.5  0.0  0  0  1  0  0  0  0  0  0  0  0  0  0  0
17.5  7.0  14.2  69.0  -2.472368421052579  185.5  0.0  0  0  0  1  0  0  0  0  0  0  0  0  0  0
22.0  8.1  13.7  72.0  -2.7723684210525334  175.0  0.0  0  0  0  0  1  0  0  0  0  0  0  0  0  0
24.7  8.0  11.4  78.0  -6.672368421052511  136.0  0.0  0  0  0  0  0  1  0  0  0  0  0  0  0  0
26.6  7.9  10.7  79.0  -5.7723684210525334  256.0  0.0  0  0  0  0  0  0  1  0  0  0  0  0  0  0
21.9  7.3  10.1  73.0  1.3276315789474893  109.5  0.0  0  0  0  0  0  0  0  1  0  0  0  0  0  0
16.3  7.3  7.1  68.0  1.6276315789474438  152.5  0.0  0  0  0  0  0  0  0  0  1  0  0  0  0  0
14.1  3.7  8.9  56.0  5.027631578947421  19.5  0.0  0  0  0  0  0  0  0  0  0  1  0  0  0  0
10.2  5.7  6.0  59.0  0.9276315789473983  188.0  0.0  0  0  0  0  0  0  0  0  0  0  1  0  0  0
5.7  5.4  6.8  56.0  0.22763157894746655  54.5  2.0  0  0  0  0  0  0  0  0  0  0  0  0  0  0
5.7  7.5  6.8  60.0  2.627631578947444  100.0  8.0  1  0  0  0  0  0  0  0  0  0  0  0  0  0
7.9  6.3  11.3  58.0  1.6276315789474438  121.0  54.0  0  1  0  0  0  0  0  0  0  0  0  0  0  0
14.6  6.5  13.1  61.0  0.5276315789474211  73.0  2.0  0  0  1  0  0  0  0  0  0  0  0  0  0  0
19.6  6.2  14.4  61.0  -4.872368421052556  88.5  0.0  0  0  0  1  0  0  0  0  0  0  0  0  0  0
21.8  7.3  12.6  67.0  -5.672368421052511  187.5  0.0  0  0  0  0  1  0  0  0  0  0  0  0  0  0
25.0  8.0  11.0  73.0  -3.0723684210526017  102.0  0.0  0  0  0  0  0  1  0  0  0  0  0  0  0  0
27.2  7.4  11.3  74.0  -4.972368421052579  131.5  0.0  0  0  0  0  0  0  1  0  0  0  0  0  0  0
22.8  7.2  9.5  71.0  -0.07236842105260166  238.5  0.0  0  0  0  0  0  0  0  1  0  0  0  0  0  0
17.3  7.0  8.3  64.0  2.027631578947421  146.0  0.0  0  0  0  0  0  0  0  0  1  0  0  0  0  0
12.8  6.3  6.7  63.0  4.7276315789474666  93.5  0.0  0  0  0  0  0  0  0  0  0  1  0  0  0  0
7.2  3.1  7.6  51.0  2.7276315789474666  7.0  0.0  0  0  0  0  0  0  0  0  0  0  1  0  0  0
4.5  4.2  8.0  47.0  0.9276315789473983  58.5  0.0  0  0  0  0  0  0  0  0  0  0  0  0  0  0
6.0  4.2  8.7  51.0  1.7276315789474666  34.5  3.0  1  0  0  0  0  0  0  0  0  0  0  0  0  0
5.5  5.8  12.4  52.0  0.9276315789473983  46.5  3.0  0  1  0  0  0  0  0  0  0  0  0  0  0  0
13.0  7.5  10.8  68.0  3.8276315789474893  94.0  0.0  0  0  1  0  0  0  0  0  0  0  0  0  0  0
19.6  7.5  14.0  68.0  -1.3723684210525562  161.5  0.0  0  0  0  1  0  0  0  0  0  0  0  0  0  0
18.6  6.8  15.2  65.0  -3.7723684210525334  116.0  0.0  0  0  0  1  0  0  0  0  0  0  0  1  0  0
21.4  8.0  12.5  71.0  -5.2723684210525334  107.0  0.0  0  0  0  0  1  0  0  0  0  0  0  1  0  0
25.2  8.0  12.6  76.0  -5.2723684210525334  301.0  0.0  0  0  0  0  0  1  0  0  0  0  0  1  0  0
26.6  5.5  14.8  70.0  -4.072368421052602  94.5  0.0  0  0  0  0  0  0  1  0  0  0  0  1  0  0
23.1  6.9  10.8  70.0  -1.8723684210525562  281.0  0.0  0  0  0  0  0  0  0  1  0  0  0  1  0  0
18.5  6.6  8.6  63.0  2.627631578947444  43.5  0.0  0  0  0  0  0  0  0  0  1  0  0  1  0  0
12.3  5.7  6.9  56.0  2.127631578947444  43.0  0.0  0  0  0  0  0  0  0  0  0  1  0  1  0  0
8.1  4.6  5.9  56.0  2.8276315789474893  155.5  0.0  0  0  0  0  0  0  0  0  0  0  1  1  0  0
6.3  4.5  6.7  55.0  3.7276315789474666  136.0  0.0  0  0  0  0  0  0  0  0  0  0  0  1  0  0
6.9  4.7  8.7  52.0  1.027631578947421  45.0  0.0  1  0  0  0  0  0  0  0  0  0  0  1  0  0
7.8  5.6  11.7  47.0  -0.07236842105260166  10.0  0.0  0  1  0  0  0  0  0  0  0  0  0  1  0  0
15.3  7.5  11.7  67.0  -0.3723684210525562  143.0  0.0  0  0  1  0  0  0  0  0  0  0  0  1  0  0
17.9  7.0  14.7  63.0  -1.472368421052579  97.5  0.0  0  0  0  1  0  0  0  0  0  0  0  1  0  0
19.8  8.8  10.0  74.0  -4.672368421052511  121.5  0.0  0  0  0  0  1  0  0  0  0  0  0  1  0  0
26.1  5.6  15.2  71.0  -3.372368421052556  49.5  0.0  0  0  0  0  0  1  0  0  0  0  0  1  0  0
28.5  6.1  14.8  69.0  -1.1723684210525107  50.0  0.0  0  0  0  0  0  0  1  0  0  0  0  1  0  0
23.2  7.4  10.0  70.0  -1.3723684210525562  155.0  0.0  0  0  0  0  0  0  0  1  0  0  0  1  0  0
6.6  1.9  7.2  40.0  -0.8723684210525562  0.0  0.0  0  0  0  0  0  0  0  0  0  0  1  1  0  0
4.4  2.4  8.0  40.0  -0.1723684210525107  29.0  8.0  0  0  0  0  0  0  0  0  0  0  0  1  0  0
7.3  6.0  9.7  57.0  2.627631578947444  114.0  7.0  0  1  0  0  0  0  0  0  0  0  0  1  0  0
14.8  6.3  12.0  62.0  -1.3723684210525562  151.0  0.0  0  0  1  0  0  0  0  0  0  0  0  1  0  0
19.3  6.3  13.2  62.0  -0.1723684210525107  93.5  0.0  0  0  0  1  0  0  0  0  0  0  0  1  0  0
23.4  8.8  9.8  79.0  -4.472368421052579  270.5  0.0  0  0  0  0  0  1  0  0  0  0  0  1  0  0
27.1  7.5  13.2  73.0  -6.072368421052602  179.0  0.0  0  0  0  0  0  0  1  0  0  0  0  1  0  0
22.8  8.2  9.3  72.0  -1.472368421052579  246.5  0.0  0  0  0  0  0  0  0  1  0  0  0  1  0  0
17.8  7.9  6.4  67.0  1.4276315789473983  165.0  0.0  0  0  0  0  0  0  0  0  1  0  0  1  0  0
11.7  5.1  7.0  54.0  4.627631578947444  30.5  0.0  0  0  0  0  0  0  0  0  0  1  0  1  0  0
6.7  5.5  5.9  56.0  6.027631578947421  38.5  0.0  0  0  0  0  0  0  0  0  0  0  1  1  0  0
4.7  4.2  6.9  51.0  0.3276315789474893  67.5  0.0  0  0  0  0  0  0  0  0  0  0  0  1  0  0
5.1  5.2  9.2  48.0  -0.9723684210525789  75.0  15.0  1  0  0  0  0  0  0  0  0  0  0  1  0  0
14.3  7.7  13.4  65.0  1.4276315789473983  161.5  0.0  0  0  1  0  0  0  0  0  0  0  0  1  0  0
18.6  7.8  16.4  66.0  -1.972368421052579  151.0  0.0  0  0  0  1  0  0  0  0  0  0  0  1  0  0
21.6  9.3  10.3  78.0  -5.972368421052579  106.5  0.0  0  0  0  0  1  0  0  0  0  0  0  1  0  0
25.6  6.6  14.6  70.0  -4.572368421052602  175.5  0.0  0  0  0  0  0  1  0  0  0  0  0  1  0  0
27.3  5.3  16.9  67.0  -2.2723684210525334  26.5  0.0  0  0  0  0  0  0  1  0  0  0  0  1  0  0
25.2  5.8  13.1  67.0  -0.5723684210526017  99.5  0.0  0  0  0  0  0  0  0  1  0  0  0  1  0  0
17.3  7.7  7.5  69.0  3.2276315789474666  273.0  0.0  0  0  0  0  0  0  0  0  1  0  0  1  0  0
12.7  6.5  6.8  67.0  5.327631578947489  245.0  0.0  0  0  0  0  0  0  0  0  0  1  0  1  0  0
6.7  4.5  6.5  57.0  2.627631578947444  51.5  0.0  0  0  0  0  0  0  0  0  0  0  1  1  0  0
5.4  2.0  9.0  44.0  -0.7723684210525334  0.5  0.0  0  0  0  0  0  0  0  0  0  0  0  1  0  0
6.8  5.9  8.4  59.0  2.9276315789473983  128.0  1.0  1  0  0  0  0  0  0  0  0  0  0  1  0  0
9.0  7.2  10.3  59.0  1.7276315789474666  87.0  0.0  0  1  0  0  0  0  0  0  0  0  0  1  0  0
13.0  8.0  11.0  67.0  3.027631578947421  129.0  0.0  0  0  1  0  0  0  0  0  0  0  0  1  0  0
21.5  9.3  11.4  76.0  -3.872368421052556  186.0  0.0  0  0  0  0  1  0  0  0  0  0  0  1  0  0
23.9  6.9  14.5  77.0  -2.1723684210525107  102.0  0.0  0  0  0  0  0  1  0  0  0  0  0  1  0  0
25.1  8.0  12.7  76.0  -4.072368421052602  159.0  0.0  0  0  0  0  0  0  1  0  0  0  0  1  0  0
22.0  7.4  10.4  74.0  -1.6723684210525107  284.0  0.0  0  0  0  0  0  0  0  1  0  0  0  1  0  0
17.5  6.6  8.9  66.0  0.5276315789474211  155.0  0.0  0  0  0  0  0  0  0  0  1  0  0  1  0  0
11.2  5.7  6.9  59.0  4.427631578947398  78.0  0.0  0  0  0  0  0  0  0  0  0  1  0  1  0  0
7.3  4.2  7.4  52.0  1.6276315789474438  31.0  0.0  0  0  0  0  0  0  0  0  0  0  1  1  0  0
3.4  5.2  8.3  48.0  2.4276315789473983  19.5  0.0  0  0  0  0  0  0  0  0  0  0  0  1  0  0
4.9  4.3  11.4  47.0  1.6276315789474438  27.0  1.0  1  0  0  0  0  0  0  0  0  0  0  1  0  0
9.3  6.7  11.1  61.0  4.027631578947421  167.0  0.0  0  1  0  0  0  0  0  0  0  0  0  1  0  0
15.1  6.4  15.2  62.0  -0.5723684210526017  110.5  0.0  0  0  1  0  0  0  0  0  0  0  0  1  0  0
18.7  6.1  17.7  62.0  -2.0723684210526017  96.5  0.0  0  0  0  1  0  0  0  0  0  0  0  1  0  0
20.9  9.2  11.8  76.0  -4.372368421052556  202.5  0.0  0  0  0  0  1  0  0  0  0  0  0  1  0  0
25.8  7.4  16.7  72.0  -4.872368421052556  91.0  0.0  0  0  0  0  0  1  0  0  0  0  0  1  0  0
25.0  8.8  10.9  77.0  -7.172368421052511  290.5  0.0  0  0  0  0  0  0  1  0  0  0  0  1  0  0
24.3  7.9  11.6  72.0  -0.6723684210525107  233.5  0.0  0  0  0  0  0  0  0  1  0  0  0  1  0  0
18.7  5.8  10.3  67.0  6.027631578947421  60.0  0.0  0  0  0  0  0  0  0  0  1  0  0  1  0  0
14.8  6.0  7.6  65.0  4.7276315789474666  102.5  0.0  0  0  0  0  0  0  0  0  0  1  0  1  0  0
8.9  4.3  7.8  55.0  4.427631578947398  53.5  0.0  0  0  0  0  0  0  0  0  0  0  1  1  0  0
5.6  4.1  8.1  50.0  -2.5723684210526017  28.0  24.0  0  0  0  0  0  0  0  0  0  0  0  1  0  0
4.2  4.6  10.4  49.0  -0.1723684210525107  32.0  1.0  1  0  0  0  0  0  0  0  0  0  0  1  0  0
8.7  4.9  13.6  52.0  -0.7723684210525334  115.5  0.0  0  1  0  0  0  0  0  0  0  0  0  1  0  0
13.9  5.9  14.1  61.0  -1.6723684210525107  186.5  0.0  0  0  1  0  0  0  0  0  0  0  0  1  0  0
19.0  7.7  15.1  68.0  -1.3723684210525562  130.0  0.0  0  0  0  1  0  0  0  0  0  0  0  1  0  0
27.8  5.9  18.0  72.0  -3.0723684210526017  45.0  0.0  0  0  0  0  0  1  0  0  0  0  0  1  0  0
28.9  4.9  17.4  66.0  -3.6723684210525107  26.0  0.0  0  0  0  0  0  0  1  0  0  0  0  1  0  0
22.2  8.0  9.4  73.0  -0.6723684210525107  124.0  0.0  0  0  0  0  0  0  0  1  0  0  0  1  0  0
17.3  6.4  9.8  67.0  3.7276315789474666  147.0  0.0  0  0  0  0  0  0  0  0  1  0  0  1  0  0
12.9  5.0  8.4  60.0  3.9276315789473983  65.0  0.0  0  0  0  0  0  0  0  0  0  1  0  1  0  0
8.5  3.9  6.8  54.0  5.7276315789474666  27.0  0.0  0  0  0  0  0  0  0  0  0  0  1  1  0  0
6.6  3.3  8.0  53.0  2.3276315789474893  59.0  1.0  0  0  0  0  0  0  0  0  0  0  0  1  0  0
8.4  5.0  10.1  58.0  -2.372368421052556  96.0  0.0  1  0  0  0  0  0  0  0  0  0  0  1  0  0
9.9  5.8  13.0  51.0  -0.3723684210525562  92.0  0.0  0  1  0  0  0  0  0  0  0  0  0  1  0  0
13.9  6.8  14.1  59.0  0.7276315789474666  109.5  0.0  0  0  1  0  0  0  0  0  0  0  0  1  0  0
18.6  5.9  17.1  61.0  -3.472368421052579  148.5  0.0  0  0  0  1  0  0  0  0  0  0  0  1  0  0
24.4  6.5  17.2  69.0  -1.7723684210525334  63.0  0.0  0  0  0  0  1  0  0  0  0  0  0  1  0  0
25.2  7.5  13.4  72.0  -6.172368421052511  88.5  0.0  0  0  0  0  0  1  0  0  0  0  0  1  0  0
27.4  7.7  13.3  72.0  -4.672368421052511  104.5  0.0  0  0  0  0  0  0  1  0  0  0  0  1  0  0
24.1  8.1  10.5  71.0  0.42763157894739834  146.5  0.0  0  0  0  0  0  0  0  1  0  0  0  1  0  0
19.6  6.7  9.2  67.0  0.027631578947421076  320.5  0.0  0  0  0  0  0  0  0  0  1  0  0  1  0  0
14.3  7.8  6.4  67.0  5.327631578947489  182.5  0.0  0  0  0  0  0  0  0  0  0  1  0  1  0  0
10.1  4.1  7.6  54.0  5.527631578947421  43.0  0.0  0  0  0  0  0  0  0  0  0  0  1  1  0  0
5.6  4.1  8.3  52.0  -0.6723684210525107  88.5  2.0  0  0  0  0  0  0  0  0  0  0  0  1  0  0
5.2  4.1  11.7  44.0  1.6276315789474438  26.0  0.0  1  0  0  0  0  0  0  0  0  0  0  1  0  0
8.2  6.2  11.6  54.0  1.6276315789474438  173.5  1.0  0  1  0  0  0  0  0  0  0  0  0  1  0  0
13.6  7.4  13.6  63.0  2.4276315789473983  107.0  0.0  0  0  1  0  0  0  0  0  0  0  0  1  0  0
19.2  6.4  16.0  67.0  -1.972368421052579  154.5  0.0  0  0  0  1  0  0  0  0  0  0  0  1  0  0
23.6  8.3  13.4  72.0  -3.5723684210526017  172.5  0.0  0  0  0  0  1  0  0  0  0  0  0  1  0  0
23.8  9.0  11.6  79.0  -6.172368421052511  202.0  0.0  0  0  0  0  0  1  0  0  0  0  0  1  0  0
23.4  8.5  10.5  77.0  -3.872368421052556  168.5  0.0  0  0  0  0  0  0  1  0  0  0  0  1  0  0
23.0  7.4  10.6  73.0  -0.7723684210525334  181.5  0.0  0  0  0  0  0  0  0  1  0  0  0  1  0  0
18.2  6.2  10.4  64.0  1.8276315789474893  136.0  0.0  0  0  0  0  0  0  0  0  1  0  0  1  0  0
13.0  5.3  7.8  61.0  3.627631578947444  133.5  0.0  0  0  0  0  0  0  0  0  0  1  0  1  0  0
7.7  2.9  8.4  51.0  -3.872368421052556  34.0  0.0  0  0  0  0  0  0  0  0  0  0  1  1  0  0
4.4  2.9  10.1  44.0  -0.6723684210525107  3.5  0.0  0  0  0  0  0  0  0  0  0  0  0  1  0  0
5.3  5.5  9.6  51.0  -0.3723684210525562  38.0  2.0  1  0  0  0  0  0  0  0  0  0  0  1  0  0
9.0  6.0  13.8  58.0  2.027631578947421  113.0  0.0  0  1  0  0  0  0  0  0  0  0  0  1  0  0
13.9  5.7  16.6  57.0  -1.472368421052579  166.0  0.0  0  0  1  0  0  0  0  0  0  0  0  1  0  0
17.5  6.8  16.3  64.0  -3.6723684210525107  151.5  0.0  0  0  0  1  0  0  0  0  0  0  0  1  0  0
20.2  8.8  11.7  76.0  -3.7723684210525334  103.0  0.0  0  0  0  0  1  0  0  0  0  0  0  1  0  0
26.3  7.6  16.3  75.0  -2.7723684210525334  167.0  0.0  0  0  0  0  0  1  0  0  0  0  0  1  0  0
26.2  6.9  15.7  71.0  -7.472368421052579  133.0  0.0  0  0  0  0  0  0  1  0  0  0  0  1  0  0
21.8  7.7  11.9  71.0  -0.5723684210526017  138.5  0.0  0  0  0  0  0  0  0  1  0  0  0  1  0  0
17.6  6.3  10.6  63.0  1.2276315789474666  343.5  0.0  0  0  0  0  0  0  0  0  1  0  0  1  0  0
10.4  6.4  7.4  61.0  4.327631578947489  99.0  0.0  0  0  0  0  0  0  0  0  0  1  0  1  0  0
7.6  3.4  8.4  51.0  3.9276315789473983  7.5  0.0  0  0  0  0  0  0  0  0  0  0  1  1  0  0
5.8  4.8  9.4  51.0  1.027631578947421  32.5  2.0  0  0  0  0  0  0  0  0  0  0  0  1  0  0
5.5  5.3  11.2  49.0  2.9276315789473983  51.5  0.0  1  0  0  0  0  0  0  0  0  0  0  1  0  0
9.9  5.8  12.3  56.0  1.8276315789474893  73.0  0.0  0  1  0  0  0  0  0  0  0  0  0  1  0  0
14.0  5.9  14.9  62.0  1.527631578947421  134.0  0.0  0  0  1  0  0  0  0  0  0  0  0  1  0  0
20.7  5.6  18.6  67.0  -2.6723684210525107  85.5  0.0  0  0  0  1  0  0  0  0  0  0  0  1  0  0
21.4  7.9  14.6  72.0  -6.672368421052511  224.5  0.0  0  0  0  0  1  0  0  0  0  0  0  1  0  0
23.1  8.4  12.0  76.0  -3.972368421052579  140.0  0.0  0  0  0  0  0  1  0  0  0  0  0  1  0  0
27.1  6.2  14.0  75.0  -3.5723684210526017  152.5  0.0  0  0  0  0  0  0  1  0  0  0  0  1  0  0
22.3  7.5  9.5  73.0  -1.1723684210525107  371.5  0.0  0  0  0  0  0  0  0  1  0  0  0  1  0  0
18.0  5.5  10.2  67.0  2.7276315789474666  159.5  0.0  0  0  0  0  0  0  0  0  1  0  0  1  0  0
14.3  6.7  6.8  65.0  4.427631578947398  136.0  0.0  0  0  0  0  0  0  0  0  0  1  0  1  0  0
9.5  4.5  6.7  58.0  3.127631578947444  15.0  0.0  0  0  0  0  0  0  0  0  0  0  1  1  0  0
6.2  3.8  8.8  51.0  4.327631578947489  29.5  0.0  0  0  0  0  0  0  0  0  0  0  0  1  0  0
6.1  4.0  11.4  50.0  0.9276315789473983  50.5  2.0  1  0  0  0  0  0  0  0  0  0  0  1  0  0
8.6  6.0  11.7  59.0  2.2276315789474666  99.0  0.0  0  1  0  0  0  0  0  0  0  0  0  1  0  0
15.9  6.6  13.3  69.0  1.3276315789474893  114.5  0.0  0  0  1  0  0  0  0  0  0  0  0  1  0  0
19.7  6.5  18.0  64.0  -1.6723684210525107  105.5  0.0  0  0  0  1  0  0  0  0  0  0  0  1  0  0
20.5  7.4  14.7  72.0  -4.472368421052579  198.0  0.0  0  0  0  0  1  0  0  0  0  0  0  1  0  0
23.8  8.6  11.9  79.0  -6.572368421052602  141.5  0.0  0  0  0  0  0  1  0  0  0  0  0  1  0  0
27.5  6.9  13.4  76.0  -5.172368421052511  168.5  0.0  0  0  0  0  0  0  1  0  0  0  0  1  0  0
23.1  8.3  8.8  77.0  -0.7723684210525334  242.5  0.0  0  0  0  0  0  0  0  1  0  0  0  1  0  0
17.7  7.3  9.5  66.0  2.8276315789474893  130.0  0.0  0  0  0  0  0  0  0  0  1  0  0  1  0  0
12.3  4.2  8.8  59.0  2.127631578947444  53.5  0.0  0  0  0  0  0  0  0  0  0  1  0  1  0  0
7.1  2.9  8.2  48.0  0.5276315789474211  7.5  1.0  0  0  0  0  0  0  0  0  0  0  1  1  0  0
3.7  3.9  8.9  51.0  0.42763157894739834  50.0  57.0  0  0  0  0  0  0  0  0  0  0  0  1  0  0
3.0  5.6  10.7  52.0  0.5276315789474211  51.0  31.0  1  0  0  0  0  0  0  0  0  0  0  1  0  0
5.9  5.7  13.2  56.0  1.1276315789474438  69.0  3.0  0  1  0  0  0  0  0  0  0  0  0  1  0  0
11.6  7.2  14.4  65.0  4.427631578947398  64.0  0.0  0  0  1  0  0  0  0  0  0  0  0  1  0  0
17.2  8.0  15.6  69.0  -0.8723684210525562  77.5  0.0  0  0  0  1  0  0  0  0  0  0  0  1  0  0
21.8  9.0  12.1  79.0  -2.972368421052579  202.0  0.0  0  0  0  0  1  0  0  0  0  0  0  1  0  0
26.2  7.4  15.6  78.0  -5.872368421052556  81.5  0.0  0  0  0  0  0  1  0  0  0  0  0  1  0  0
28.6  5.5  17.0  70.0  -2.972368421052579  31.5  0.0  0  0  0  0  0  0  1  0  0  0  0  1  0  0
23.5  7.2  11.5  72.0  -1.0723684210526017  61.0  0.0  0  0  0  0  0  0  0  1  0  0  0  1  0  0
17.7  7.2  9.4  64.0  1.4276315789473983  73.5  0.0  0  0  0  0  0  0  0  0  1  0  0  1  0  0
12.2  5.4  7.3  60.0  6.427631578947398  50.5  0.0  0  0  0  0  0  0  0  0  0  1  0  1  0  0
7.7  5.1  6.8  57.0  2.027631578947421  68.0  0.0  0  0  0  0  0  0  0  0  0  0  1  1  0  0
4.1  4.3  8.8  48.0  2.9276315789473983  4.5  0.0  0  0  0  0  0  0  0  0  0  0  0  1  0  0
6.5  5.4  9.1  58.0  -1.7723684210525334  142.0  0.0  1  0  0  0  0  0  0  0  0  0  0  1  0  0
7.8  9.1  7.3  72.0  6.827631578947489  134.5  0.0  0  1  0  0  0  0  0  0  0  0  0  1  0  0
14.2  6.6  13.9  69.0  1.027631578947421  201.5  0.0  0  0  1  0  0  0  0  0  0  0  0  1  0  0
19.1  7.7  15.5  67.0  -0.3723684210525562  89.5  0.0  0  0  0  1  0  0  0  0  0  0  0  1  0  0
20.2  8.9  10.2  77.0  -3.1723684210525107  381.0  0.0  0  0  0  0  1  0  0  0  0  0  0  1  0  0
26.3  6.8  14.8  76.0  -6.372368421052556  115.0  0.0  0  0  0  0  0  1  0  0  0  0  0  1  0  0
27.9  5.9  17.0  74.0  -1.0723684210526017  146.0  0.0  0  0  0  0  0  0  1  0  0  0  0  1  0  0
23.1  8.5  9.0  76.0  0.6276315789474438  106.0  0.0  0  0  0  0  0  0  0  1  0  0  0  1  0  0
17.9  6.8  9.3  66.0  3.4276315789473983  92.5  0.0  0  0  0  0  0  0  0  0  1  0  0  1  0  0
7.4  3.5  7.6  55.0  1.8276315789474893  18.5  0.0  0  0  0  0  0  0  0  0  0  0  1  1  0  0
4.5  4.6  8.0  47.0  0.3276315789474893  15.0  0.0  0  0  0  0  0  0  0  0  0  0  0  1  0  0
4.3  5.4  10.4  49.0  0.3276315789474893  27.5  26.0  1  0  0  0  0  0  0  0  0  0  0  1  0  0
7.8  6.4  11.0  59.0  -0.07236842105260166  188.0  10.0  0  1  0  0  0  0  0  0  0  0  0  1  0  0
13.9  7.1  13.4  63.0  1.7276315789474666  88.0  0.0  0  0  1  0  0  0  0  0  0  0  0  1  0  0
17.9  7.1  14.8  69.0  -4.2723684210525334  210.0  0.0  0  0  0  1  0  0  0  0  0  0  0  1  0  0
21.1  7.9  14.0  74.0  -4.372368421052556  138.0  0.0  0  0  0  0  1  0  0  0  0  0  0  1  0  0
23.9  8.2  11.0  81.0  -3.972368421052579  137.0  0.0  0  0  0  0  0  1  0  0  0  0  0  1  0  0
26.8  6.4  14.4  74.0  -4.7723684210525334  233.5  0.0  0  0  0  0  0  0  1  0  0  0  0  1  0  0
23.7  7.8  9.0  78.0  -2.372368421052556  190.5  0.0  0  0  0  0  0  0  0  1  0  0  0  1  0  0
17.1  6.0  9.2  66.0  2.527631578947421  74.0  0.0  0  0  0  0  0  0  0  0  1  0  0  1  0  0
12.3  6.5  6.7  61.0  5.527631578947421  41.0  0.0  0  0  0  0  0  0  0  0  0  1  0  1  0  0
8.5  4.1  6.6  57.0  3.627631578947444  115.5  2.0  0  0  0  0  0  0  0  0  0  0  1  1  0  0
5.8  4.4  7.8  51.0  2.3276315789474893  38.0  12.0  0  0  0  0  0  0  0  0  0  0  0  1  0  0
6.8  5.2  9.3  55.0  0.3276315789474893  29.5  7.0  1  0  0  0  0  0  0  0  0  0  0  1  0  0
9.3  6.2  10.7  59.0  -0.5723684210526017  94.0  5.0  0  1  0  0  0  0  0  0  0  0  0  1  0  0
14.4  6.6  16.0  59.0  2.527631578947421  42.5  0.0  0  0  1  0  0  0  0  0  0  0  0  1  0  0
19.3  7.3  16.1  64.0  -0.1723684210525107  65.0  0.0  0  0  0  1  0  0  0  0  0  0  0  1  0  0
22.1  6.7  16.7  67.0  -3.972368421052579  120.5  0.0  0  0  0  0  1  0  0  0  0  0  0  1  0  0
27.0  7.8  15.6  72.0  -6.072368421052602  146.5  0.0  0  0  0  0  0  1  0  0  0  0  0  1  0  0
27.3  7.6  14.5  73.0  -4.072368421052602  45.5  0.0  0  0  0  0  0  0  1  0  0  0  0  1  0  0
23.3  8.3  10.4  72.0  0.1276315789474438  214.5  0.0  0  0  0  0  0  0  0  1  0  0  0  1  0  0
18.9  6.8  9.6  69.0  3.2276315789474666  193.0  0.0  0  0  0  0  0  0  0  0  1  0  0  1  0  0
12.8  6.5  7.3  61.0  5.427631578947398  39.5  0.0  0  0  0  0  0  0  0  0  0  1  0  1  0  0
8.1  4.1  6.9  60.0  4.627631578947444  60.5  5.0  0  0  0  0  0  0  0  0  0  0  1  1  0  0
7.7  5.2  8.7  52.0  1.3276315789474893  28.0  0.0  0  0  0  0  0  0  0  0  0  0  0  1  0  0
4.9  5.2  10.6  46.0  3.127631578947444  17.5  1.0  1  0  0  0  0  0  0  0  0  0  0  1  0  0
8.4  7.6  10.3  59.0  1.1276315789474438  185.0  1.0  0  1  0  0  0  0  0  0  0  0  0  1  0  0
14.3  6.3  15.4  60.0  1.3276315789474893  107.5  9.0  0  0  1  0  0  0  0  0  0  0  0  1  0  0
18.2  7.3  16.1  62.0  -3.0723684210526017  144.0  0.0  0  0  0  1  0  0  0  0  0  0  0  1  0  0
22.3  7.8  13.7  72.0  -6.2723684210525334  198.0  0.0  0  0  0  0  1  0  0  0  0  0  0  1  0  0
22.4  9.0  10.0  77.0  -4.872368421052556  158.0  0.0  0  0  0  0  0  1  0  0  0  0  0  1  0  0
27.0  7.9  13.6  76.0  -5.072368421052602  341.5  0.0  0  0  0  0  0  0  1  0  0  0  0  1  0  0
22.8  9.3  6.8  78.0  -2.0723684210526017  251.5  0.0  0  0  0  0  0  0  0  1  0  0  0  1  0  0
17.5  6.4  9.5  60.0  0.22763157894746655  58.5  0.0  0  0  0  0  0  0  0  0  1  0  0  1  0  0
11.4  3.6  9.1  56.0  -0.7723684210525334  26.0  0.0  0  0  0  0  0  0  0  0  0  1  0  1  0  0
8.4  2.6  8.1  47.0  3.3276315789474893  0.0  0.0  0  0  0  0  0  0  0  0  0  0  1  1  0  0
8.1  5.7  7.4  55.0  5.2276315789474666  95.0  0.0  0  0  0  0  0  0  0  0  0  0  0  1  0  0
7.5  6.2  8.9  56.0  3.9276315789473983  107.0  0.0  1  0  0  0  0  0  0  0  0  0  0  1  0  0
9.6  6.2  12.8  57.0  0.42763157894739834  118.0  0.0  0  1  0  0  0  0  0  0  0  0  0  1  0  0
15.6  6.0  16.6  57.0  -1.472368421052579  187.0  0.0  0  0  1  0  0  0  0  0  0  0  0  1  0  0
17.7  8.0  12.9  70.0  -2.2723684210525334  210.0  0.0  0  0  0  1  0  0  0  0  0  0  0  1  0  0
20.7  8.2  13.4  71.0  -3.1723684210525107  205.0  0.0  0  0  0  0  1  0  0  0  0  0  0  1  0  0
24.1  8.2  13.0  76.0  -0.6723684210525107  154.0  0.0  0  0  0  0  0  1  0  0  0  0  0  1  0  0
27.1  6.7  14.6  72.0  -5.972368421052579  360.5  0.0  0  0  0  0  0  0  1  0  0  0  0  1  0  0
25.2  8.4  10.9  71.0  -1.7723684210525334  204.0  0.0  0  0  0  0  0  0  0  1  0  0  0  1  0  0
17.5  6.5  8.6  66.0  2.627631578947444  197.0  0.0  0  0  0  0  0  0  0  0  1  0  0  1  0  0
14.2  5.4  7.5  61.0  5.2276315789474666  71.0  0.0  0  0  0  0  0  0  0  0  0  1  0  1  0  0
9.2  4.4  7.2  51.0  2.4276315789473983  29.0  0.0  0  0  0  0  0  0  0  0  0  0  1  1  0  0
5.0  4.7  7.9  50.0  4.527631578947421  32.5  4.0  0  0  0  0  0  0  0  0  0  0  0  1  0  0
7.8  8.1  6.5  67.0  8.82763157894749  116.5  11.0  1  0  0  0  0  0  0  0  0  0  0  1  0  0
10.6  5.4  13.1  49.0  1.7276315789474666  97.5  0.0  0  1  0  0  0  0  0  0  0  0  0  1  0  0
14.7  6.7  13.0  59.0  -1.0723684210526017  137.5  0.0  0  0  1  0  0  0  0  0  0  0  0  1  0  0
19.2  7.1  16.3  60.0  -0.8723684210525562  120.5  0.0  0  0  0  1  0  0  0  0  0  0  0  1  0  0
23.5  8.1  14.4  68.0  -4.072368421052602  68.0  0.0  0  0  0  0  1  0  0  0  0  0  0  1  0  0
25.7  7.6  15.0  71.0  -4.7723684210525334  51.0  0.0  0  0  0  0  0  1  0  0  0  0  0  1  0  0
28.6  5.4  17.2  68.0  -5.172368421052511  181.5  0.0  0  0  0  0  0  0  1  0  0  0  0  1  0  0
24.8  7.0  11.6  70.0  0.1276315789474438  287.0  0.0  0  0  0  0  0  0  0  1  0  0  0  1  0  0
19.2  7.0  9.8  66.0  2.9276315789473983  148.5  0.0  0  0  0  0  0  0  0  0  1  0  0  1  0  0
15.1  4.7  8.1  64.0  4.2276315789474666  234.0  0.0  0  0  0  0  0  0  0  0  0  1  0  1  0  0
10.0  3.1  8.3  49.0  1.6276315789474438  38.0  0.0  0  0  0  0  0  0  0  0  0  0  1  1  0  0
6.3  3.4  9.2  48.0  0.5276315789474211  55.0  0.0  0  0  0  0  0  0  0  0  0  0  0  1  0  0
6.5  4.5  12.1  45.0  -0.9723684210525789  69.0  0.0  1  0  0  0  0  0  0  0  0  0  0  1  0  0
9.5  7.0  9.7  63.0  3.4276315789473983  164.0  0.0  0  1  0  0  0  0  0  0  0  0  0  1  0  0
15.4  7.0  13.9  64.0  1.8276315789474893  112.5  0.0  0  0  1  0  0  0  0  0  0  0  0  1  0  0
18.8  6.4  17.4  63.0  -1.472368421052579  61.0  0.0  0  0  0  1  0  0  0  0  0  0  0  1  0  0
23.6  8.1  13.6  73.0  -5.972368421052579  142.0  0.0  0  0  0  0  1  0  0  0  0  0  0  1  0  0
26.7  8.5  13.5  70.0  -7.072368421052602  72.0  0.0  0  0  0  0  0  1  0  0  0  0  0  1  0  0
25.5  7.9  13.9  72.0  -6.072368421052602  238.0  0.0  0  0  0  0  0  0  1  0  0  0  0  1  0  0
23.9  7.8  8.6  76.0  -1.2723684210525334  445.5  0.0  0  0  0  0  0  0  0  1  0  0  0  1  0  0
18.1  8.1  6.5  74.0  -0.9723684210525789  533.0  0.0  0  0  0  0  0  0  0  0  1  0  0  1  0  0
13.0  5.7  8.0  59.0  5.827631578947489  114.0  0.0  0  0  0  0  0  0  0  0  0  1  0  1  0  0
9.2  4.9  6.5  59.0  5.427631578947398  36.0  1.0  0  0  0  0  0  0  0  0  0  0  1  1  0  0
6.8  3.8  8.0  56.0  3.2276315789474666  50.0  1.0  0  0  0  0  0  0  0  0  0  0  0  1  0  0
6.9  5.3  10.6  49.0  -0.27236842105253345  36.0  13.0  1  0  0  0  0  0  0  0  0  0  0  1  0  0
9.7  8.0  8.9  66.0  4.327631578947489  205.0  0.0  0  1  0  0  0  0  0  0  0  0  0  1  0  0
15.1  5.9  14.4  61.0  -3.0723684210526017  167.5  0.0  0  0  1  0  0  0  0  0  0  0  0  1  0  0
17.3  7.4  15.4  64.0  -3.372368421052556  134.0  0.0  0  0  0  1  0  0  0  0  0  0  0  1  0  0
20.6  8.5  13.3  71.0  -4.372368421052556  237.0  0.0  0  0  0  0  1  0  0  0  0  0  0  1  0  0
25.5  7.5  14.1  72.0  -5.972368421052579  111.5  0.0  0  0  0  0  0  1  0  0  0  0  0  1  0  0
27.0  6.8  15.2  70.0  -1.5723684210526017  9.0  0.0  0  0  0  0  0  0  1  0  0  0  0  1  0  0
23.3  7.0  13.2  62.0  -1.2723684210525334  108.0  0.0  0  0  0  0  0  0  0  1  0  0  0  1  0  0
17.3  7.2  8.3  71.0  2.7276315789474666  328.0  0.0  0  0  0  0  0  0  0  0  1  0  0  1  0  0
13.0  5.5  7.7  63.0  6.2276315789474666  168.0  0.0  0  0  0  0  0  0  0  0  0  1  0  1  0  0
9.4  4.8  7.3  52.0  3.627631578947444  65.5  0.0  0  0  0  0  0  0  0  0  0  0  1  1  0  0
6.2  6.1  6.8  59.0  3.3276315789474893  115.0  0.0  0  0  0  0  0  0  0  0  0  0  0  1  0  0
7.7  3.7  11.6  47.0  -1.2723684210525334  57.0  0.0  1  0  0  0  0  0  0  0  0  0  0  1  0  0
8.7  6.2  13.4  54.0  1.1276315789474438  60.5  0.0  0  1  0  0  0  0  0  0  0  0  0  1  0  0
13.4  5.5  15.0  54.0  -1.8723684210525562  58.0  0.0  0  0  1  0  0  0  0  0  0  0  0  1  0  0
18.1  6.8  16.5  61.0  -1.8723684210525562  65.5  0.0  0  0  0  1  0  0  0  0  0  0  0  1  0  0
21.7  8.3  13.0  74.0  -6.2723684210525334  260.0  0.0  0  0  0  0  1  0  0  0  0  0  0  1  0  0
22.5  9.3  10.0  80.0  -4.472368421052579  316.5  0.0  0  0  0  0  0  1  0  0  0  0  0  1  0  0
24.8  8.3  10.5  76.0  -4.672368421052511  412.0  0.0  0  0  0  0  0  0  1  0  0  0  0  1  0  0
22.9  8.4  8.9  72.0  -0.9723684210525789  140.0  0.0  0  0  0  0  0  0  0  1  0  0  0  1  0  0
17.5  6.3  9.4  63.0  3.3276315789474893  156.0  0.0  0  0  0  0  0  0  0  0  1  0  0  1  0  0
14.1  5.9  7.5  60.0  6.527631578947421  167.0  0.0  0  0  0  0  0  0  0  0  0  1  0  1  0  0
8.5  5.1  6.6  55.0  3.7276315789474666  65.0  0.0  0  0  0  0  0  0  0  0  0  0  1  1  0  0
5.5  4.8  8.3  55.0  1.7276315789474666  50.0  8.0  0  0  0  0  0  0  0  0  0  0  0  1  0  0
6.6  4.6  12.5  45.0  -4.372368421052556  88.5  27.0  1  0  0  0  0  0  0  0  0  0  0  1  0  0
8.1  6.8  12.4  55.0  3.027631578947421  114.5  0.0  0  1  0  0  0  0  0  0  0  0  0  1  0  0
15.8  6.6  17.4  57.0  0.3276315789474893  49.0  0.0  0  0  1  0  0  0  0  0  0  0  0  1  0  0
19.5  7.0  17.3  63.0  -2.972368421052579  133.5  0.0  0  0  0  1  0  0  0  0  0  0  0  1  0  0
22.4  7.9  13.9  71.0  -5.172368421052511  144.5  0.0  0  0  0  0  1  0  0  0  0  0  0  1  0  0
28.3  7.5  17.5  69.0  -6.2723684210525334  93.5  0.0  0  0  0  0  0  1  0  0  0  0  0  1  0  0
28.9  6.0  17.6  68.0  -1.472368421052579  92.5  0.0  0  0  0  0  0  0  1  0  0  0  0  1  0  0
20.2  8.5  7.8  68.0  3.127631578947444  57.0  0.0  0  0  0  0  0  0  0  0  1  0  0  1  0  0
13.4  4.8  8.6  60.0  8.527631578947421  50.5  0.0  0  0  0  0  0  0  0  0  0  1  0  1  0  0
9.0  5.2  7.4  53.0  4.527631578947421  23.0  0.0  0  0  0  0  0  0  0  0  0  0  1  1  0  0
6.3  3.1  9.8  45.0  0.027631578947421076  36.0  0.0  0  0  0  0  0  0  0  0  0  0  0  1  0  0
6.5  5.0  11.7  49.0  1.9276315789473983  27.0  1.0  1  0  0  0  0  0  0  0  0  0  0  1  0  0
8.9  6.9  11.1  63.0  1.4276315789473983  180.0  2.0  0  1  0  0  0  0  0  0  0  0  0  1  0  0
19.1  7.8  15.1  68.0  -2.0723684210526017  204.5  0.0  0  0  0  1  0  0  0  0  0  0  0  1  0  0
20.4  9.4  10.4  77.0  -5.472368421052579  185.5  0.0  0  0  0  0  1  0  0  0  0  0  0  1  0  0
26.4  7.8  12.6  75.0  -4.972368421052579  171.0  0.0  0  0  0  0  0  1  0  0  0  0  0  1  0  0
29.4  6.1  17.8  68.0  -3.2723684210525334  31.0  0.0  0  0  0  0  0  0  1  0  0  0  0  1  0  0
23.7  7.8  12.7  65.0  -2.6723684210525107  164.5  0.0  0  0  0  0  0  0  0  1  0  0  0  1  0  0
19.5  6.7  10.5  63.0  2.9276315789473983  79.0  0.0  0  0  0  0  0  0  0  0  1  0  0  1  0  0
12.7  3.9  10.2  48.0  -0.3723684210525562  42.0  0.0  0  0  0  0  0  0  0  0  0  1  0  1  0  0
7.7  2.6  9.5  42.0  1.2276315789474666  0.0  0.0  0  0  0  0  0  0  0  0  0  0  1  1  0  0
6.6  3.9  9.2  47.0  0.7276315789474666  13.0  2.0  0  0  0  0  0  0  0  0  0  0  0  1  0  0
5.4  5.0  11.2  48.0  2.3276315789474893  45.0  16.0  1  0  0  0  0  0  0  0  0  0  0  1  0  0
9.2  7.1  13.0  53.0  -0.1723684210525107  118.0  0.0  0  1  0  0  0  0  0  0  0  0  0  1  0  0
12.7  6.0  17.0  55.0  -0.1723684210525107  111.0  0.0  0  0  1  0  0  0  0  0  0  0  0  1  0  0
18.1  7.0  17.2  65.0  -1.3723684210525562  128.0  0.0  0  0  0  1  0  0  0  0  0  0  0  1  0  0
22.6  9.0  14.3  72.0  -5.172368421052511  36.0  0.0  0  0  0  0  1  0  0  0  0  0  0  1  0  0
26.2  7.0  16.7  74.0  -4.072368421052602  253.5  0.0  0  0  0  0  0  1  0  0  0  0  0  1  0  0
26.0  8.1  14.6  72.0  -3.2723684210525334  31.5  0.0  0  0  0  0  0  0  1  0  0  0  0  1  0  0
22.4  7.7  12.3  72.0  -1.2723684210525334  382.0  0.0  0  0  0  0  0  0  0  1  0  0  0  1  0  0
18.0  6.3  9.7  70.0  3.627631578947444  83.5  0.0  0  0  0  0  0  0  0  0  1  0  0  1  0  0
13.2  7.0  7.1  65.0  3.627631578947444  84.0  0.0  0  0  0  0  0  0  0  0  0  1  0  1  0  0
9.3  3.8  8.2  55.0  2.9276315789473983  48.0  0.0  0  0  0  0  0  0  0  0  0  0  1  1  0  0
7.0  4.9  12.3  47.0  1.2276315789474666  21.5  0.0  1  0  0  0  0  0  0  0  0  0  0  1  0  0
10.5  6.3  13.3  56.0  3.127631578947444  106.0  0.0  0  1  0  0  0  0  0  0  0  0  0  1  0  0
15.2  6.5  15.4  60.0  -0.1723684210525107  105.5  0.0  0  0  1  0  0  0  0  0  0  0  0  1  0  0
19.2  7.8  15.7  69.0  -4.372368421052556  186.0  0.0  0  0  0  1  0  0  0  0  0  0  0  1  0  0
22.7  7.9  16.1  72.0  -4.472368421052579  170.5  0.0  0  0  0  0  1  0  0  0  0  0  0  1  0  0
26.6  7.3  16.9  72.0  -5.2723684210525334  185.0  0.0  0  0  0  0  0  1  0  0  0  0  0  1  0  0
27.0  7.0  14.7  73.0  -3.6723684210525107  144.0  0.0  0  0  0  0  0  0  1  0  0  0  0  1  0  0
22.9  8.6  9.8  75.0  -1.472368421052579  204.0  0.0  0  0  0  0  0  0  0  1  0  0  0  1  0  0
18.7  5.1  11.9  60.0  0.7276315789474666  19.0  0.0  0  0  0  0  0  0  0  0  1  0  0  1  0  0
14.3  6.2  7.7  63.0  5.7276315789474666  91.0  0.0  0  0  0  0  0  0  0  0  0  1  0  1  0  0
9.2  5.1  7.1  56.0  5.427631578947398  40.5  0.0  0  0  0  0  0  0  0  0  0  0  1  1  0  0
5.3  4.9  8.0  59.0  2.527631578947421  122.0  32.0  0  0  0  0  0  0  0  0  0  0  0  1  0  0
7.0  6.1  10.1  60.0  4.127631578947444  110.5  0.0  1  0  0  0  0  0  0  0  0  0  0  1  0  0
10.1  5.9  13.6  57.0  1.7276315789474666  108.0  6.0  0  1  0  0  0  0  0  0  0  0  0  1  0  0
16.3  8.3  11.3  76.0  2.8276315789474893  188.0  0.0  0  0  1  0  0  0  0  0  0  0  0  1  0  0
20.5  8.2  14.8  71.0  0.9276315789473983  140.5  0.0  0  0  0  1  0  0  0  0  0  0  0  1  0  0
21.5  9.2  11.5  76.0  -3.2723684210525334  150.5  0.0  0  0  0  0  1  0  0  0  0  0  0  1  0  0
25.3  8.7  13.8  76.0  -5.672368421052511  156.5  0.0  0  0  0  0  0  1  0  0  0  0  0  1  0  0
27.2  8.9  11.7  78.0  -5.2723684210525334  143.5  0.0  0  0  0  0  0  0  1  0  0  0  0  1  0  0
24.4  7.9  10.1  77.0  -1.1723684210525107  229.0  0.0  0  0  0  0  0  0  0  1  0  0  0  1  0  0
20.1  7.6  8.9  71.0  2.527631578947421  142.5  0.0  0  0  0  0  0  0  0  0  1  0  0  1  0  0
13.9  5.5  8.8  55.0  1.8276315789474893  7.5  0.0  0  0  0  0  0  0  0  0  0  1  0  1  0  0
6.6  3.1  9.7  44.0  -0.4723684210525789  19.5  0.0  0  0  0  0  0  0  0  0  0  0  0  1  0  0
6.7  4.1  12.2  44.0  0.7276315789474666  35.5  1.0  1  0  0  0  0  0  0  0  0  0  0  1  0  0
10.1  7.4  10.0  62.0  1.527631578947421  144.5  0.0  0  1  0  0  0  0  0  0  0  0  0  1  0  0
15.0  7.3  14.3  66.0  -0.8723684210525562  205.0  0.0  0  0  1  0  0  0  0  0  0  0  0  1  0  0
19.9  7.1  16.9  64.0  -2.7723684210525334  103.5  0.0  0  0  0  1  0  0  0  0  0  0  0  1  0  0
22.8  8.5  14.4  73.0  -4.372368421052556  192.5  0.0  0  0  0  0  1  0  0  0  0  0  0  1  0  0
26.2  7.7  11.6  71.0  -0.8723684210525562  91.0  0.0  0  0  0  0  0  0  0  1  0  0  0  1  0  0
19.5  6.5  10.7  62.0  3.127631578947444  87.5  0.0  0  0  0  0  0  0  0  0  1  0  0  1  0  0
14.2  5.5  8.4  60.0  2.9276315789473983  93.0  0.0  0  0  0  0  0  0  0  0  0  1  0  1  0  0
9.0  3.6  8.2  47.0  3.3276315789474893  7.0  0.0  0  0  0  0  0  0  0  0  0  0  1  1  0  0
6.0  4.2  12.6  38.0  -1.7723684210525334  4.0  0.0  1  0  0  0  0  0  0  0  0  0  0  1  0  0
9.4  4.7  14.7  44.0  -1.5723684210526017  85.5  0.0  0  1  0  0  0  0  0  0  0  0  0  1  0  0
14.5  6.7  15.6  55.0  -2.972368421052579  151.5  0.0  0  0  1  0  0  0  0  0  0  0  0  1  0  0
19.8  7.4  17.7  68.0  -2.5723684210526017  109.0  0.0  0  0  0  1  0  0  0  0  0  0  0  1  0  0
22.5  8.0  14.2  74.0  -5.072368421052602  232.0  0.0  0  0  0  0  1  0  0  0  0  0  0  1  0  0
27.7  6.5  18.1  70.0  -6.2723684210525334  373.5  0.0  0  0  0  0  0  1  0  0  0  0  0  1  0  0
28.3  6.8  16.1  69.0  -2.7723684210525334  162.0  0.0  0  0  0  0  0  0  1  0  0  0  0  1  0  0
25.6  7.2  11.5  69.0  -2.372368421052556  164.0  0.0  0  0  0  0  0  0  0  1  0  0  0  1  0  0
18.8  8.2  8.3  67.0  3.2276315789474666  142.5  0.0  0  0  0  0  0  0  0  0  1  0  0  1  0  0
13.3  7.4  6.8  63.0  5.927631578947398  106.0  0.0  0  0  0  0  0  0  0  0  0  1  0  1  0  0
4.9  4.4  9.0  47.0  0.3276315789474893  126.5  12.0  0  0  0  0  0  0  0  0  0  0  0  1  0  0
6.6  5.7  10.9  48.0  3.027631578947421  23.0  0.0  1  0  0  0  0  0  0  0  0  0  0  1  0  0
9.8  5.7  13.4  51.0  -3.872368421052556  107.5  0.0  0  1  0  0  0  0  0  0  0  0  0  1  0  0
15.7  5.5  17.9  56.0  0.6276315789474438  40.5  0.0  0  0  1  0  0  0  0  0  0  0  0  1  0  0
19.5  7.8  15.9  69.0  -2.872368421052556  170.5  0.0  0  0  0  1  0  0  0  0  0  0  0  1  0  0
23.1  9.0  14.0  70.0  -6.2723684210525334  144.5  0.0  0  0  0  0  1  0  0  0  0  0  0  1  0  0
26.4  8.6  11.6  71.0  -4.172368421052511  136.5  0.0  0  0  0  0  0  0  1  0  0  0  0  1  0  0
23.2  7.4  10.9  68.0  -1.0723684210526017  204.0  0.0  0  0  0  0  0  0  0  1  0  0  0  1  0  0
18.7  6.0  10.6  62.0  3.2276315789474666  343.0  0.0  0  0  0  0  0  0  0  0  1  0  0  1  0  0
13.1  4.9  8.7  55.0  2.3276315789474893  123.5  0.0  0  0  0  0  0  0  0  0  0  1  0  1  0  0
8.4  3.9  8.5  46.0  4.027631578947421  30.0  0.0  0  0  0  0  0  0  0  0  0  0  1  1  0  0
7.4  3.9  9.2  46.0  -1.7723684210525334  98.5  0.0  0  0  0  0  0  0  0  0  0  0  0  1  0  0
12.2  5.5  14.3  49.0  -0.7723684210525334  82.0  0.0  0  1  0  0  0  0  0  0  0  0  0  1  0  0
16.1  7.4  15.5  57.0  1.7276315789474666  58.0  0.0  0  0  1  0  0  0  0  0  0  0  0  1  0  0
18.4  8.2  16.0  64.0  -1.6723684210525107  112.5  0.0  0  0  0  1  0  0  0  0  0  0  0  1  0  0
21.6  8.4  13.8  69.0  -5.172368421052511  151.5  0.0  0  0  0  0  1  0  0  0  0  0  0  1  0  0
28.0  7.7  17.6  70.0  -6.172368421052511  124.0  0.0  0  0  0  0  0  1  0  0  0  0  0  1  0  0
28.0  6.1  18.1  66.0  -4.572368421052602  120.0  0.0  0  0  0  0  0  0  1  0  0  0  0  1  0  0
23.1  7.7  10.7  69.0  0.027631578947421076  207.0  0.0  0  0  0  0  0  0  0  1  0  0  0  1  0  0
19.0  5.4  11.3  62.0  0.6276315789474438  194.0  0.0  0  0  0  0  0  0  0  0  1  0  0  1  0  0
11.6  5.7  8.3  50.0  0.6276315789474438  27.5  0.0  0  0  0  0  0  0  0  0  0  1  0  1  0  0
7.2  5.9  6.6  57.0  4.827631578947489  94.5  3.0  0  0  0  0  0  0  0  0  0  0  1  1  0  0
5.5  4.0  9.6  46.0  0.42763157894739834  101.0  0.0  0  0  0  0  0  0  0  0  0  0  0  1  0  0
6.4  5.8  10.6  52.0  3.2276315789474666  53.5  0.0  1  0  0  0  0  0  0  0  0  0  0  1  0  0
8.7  5.4  14.8  49.0  1.9276315789473983  159.5  0.0  0  1  0  0  0  0  0  0  0  0  0  1  0  0
15.1  7.4  14.6  61.0  0.42763157894739834  121.0  0.0  0  0  1  0  0  0  0  0  0  0  0  1  0  0
18.8  8.0  15.4  65.0  1.9276315789473983  172.5  0.0  0  0  0  1  0  0  0  0  0  0  0  1  0  0
23.2  8.8  14.1  69.0  -5.472368421052579  85.0  0.0  0  0  0  0  1  0  0  0  0  0  0  1  0  0
22.8  9.7  10.2  75.0  -4.2723684210525334  187.5  0.0  0  0  0  0  0  1  0  0  0  0  0  1  0  0
26.0  8.3  13.4  73.0  -3.5723684210526017  370.0  0.0  0  0  0  0  0  0  1  0  0  0  0  1  0  0
24.2  7.3  13.6  66.0  -0.6723684210525107  150.0  0.0  0  0  0  0  0  0  0  1  0  0  0  1  0  0
17.8  7.2  10.9  59.0  2.2276315789474666  171.5  0.0  0  0  0  0  0  0  0  0  1  0  0  1  0  0
14.4  7.5  6.3  67.0  6.527631578947421  229.5  0.0  0  0  0  0  0  0  0  0  0  1  0  1  0  0
9.2  4.0  8.3  50.0  0.22763157894746655  53.0  0.0  0  0  0  0  0  0  0  0  0  0  1  1  0  0
8.5  4.0  13.1  45.0  0.027631578947421076  20.0  0.0  1  0  0  0  0  0  0  0  0  0  0  1  0  0
9.8  6.4  13.2  53.0  2.7276315789474666  129.5  0.0  0  1  0  0  0  0  0  0  0  0  0  1  0  0
16.4  5.4  18.6  51.0  -2.872368421052556  69.5  0.0  0  0  1  0  0  0  0  0  0  0  0  1  0  0
19.6  8.3  15.2  67.0  -1.8723684210525562  149.0  0.0  0  0  0  1  0  0  0  0  0  0  0  1  0  0
23.7  7.5  17.1  66.0  -2.972368421052579  112.5  0.0  0  0  0  0  1  0  0  0  0  0  0  1  0  0
28.5  6.3  20.7  62.0  -5.172368421052511  23.5  0.0  0  0  0  0  0  1  0  0  0  0  0  1  0  0
27.2  8.0  16.3  65.0  -3.372368421052556  79.5  0.0  0  0  0  0  0  0  1  0  0  0  0  1  0  0
25.1  7.4  12.8  68.0  1.8276315789474893  195.0  0.0  0  0  0  0  0  0  0  1  0  0  0  1  0  0
17.5  7.1  8.4  69.0  3.4276315789473983  780.0  0.0  0  0  0  0  0  0  0  0  1  0  0  1  0  0
15.6  5.6  8.7  60.0  5.027631578947421  108.5  0.0  0  0  0  0  0  0  0  0  0  1  0  1  0  0
9.9  5.3  7.9  49.0  4.327631578947489  79.5  3.0  0  0  0  0  0  0  0  0  0  0  1  1  0  0
6.1  4.2  9.5  47.0  -1.472368421052579  77.0  0.0  0  0  0  0  0  0  0  0  0  0  0  1  0  0
6.2  6.3  10.5  45.0  1.3276315789474893  48.0  1.0  1  0  0  0  0  0  0  0  0  0  0  1  0  0
9.0  6.0  13.0  49.0  -0.3723684210525562  71.0  2.0  0  1  0  0  0  0  0  0  0  0  0  1  0  0
15.1  5.4  17.4  54.0  0.027631578947421076  81.0  0.0  0  0  1  0  0  0  0  0  0  0  0  1  0  0
17.7  7.2  17.8  58.0  -3.0723684210526017  180.5  0.0  0  0  0  1  0  0  0  0  0  0  0  1  0  0
23.2  8.9  14.8  70.0  -6.172368421052511  170.5  0.0  0  0  0  0  1  0  0  0  0  0  0  1  0  0
25.6  8.9  13.6  71.0  -6.872368421052556  247.5  0.0  0  0  0  0  0  1  0  0  0  0  0  1  0  0
28.1  7.6  15.8  68.0  -4.472368421052579  189.5  0.0  0  0  0  0  0  0  1  0  0  0  0  1  0  0
24.7  7.1  12.8  67.0  1.7276315789474666  177.5  0.0  0  0  0  0  0  0  0  1  0  0  0  1  0  0
13.3  4.7  10.2  52.0  2.4276315789473983  34.5  0.0  0  0  0  0  0  0  0  0  0  1  0  0  1  0
6.4  3.0  9.6  39.0  -2.0723684210526017  3.5  0.0  0  0  0  0  0  0  0  0  0  0  1  0  1  0
5.1  4.9  8.6  44.0  3.3276315789474893  67.0  10.0  0  0  0  0  0  0  0  0  0  0  0  0  1  0
6.7  6.5  9.5  53.0  5.027631578947421  113.0  2.0  1  0  0  0  0  0  0  0  0  0  0  0  1  0
9.8  5.9  14.4  48.0  -2.872368421052556  79.5  0.0  0  1  0  0  0  0  0  0  0  0  0  0  1  0
13.6  7.1  14.3  57.0  -3.6723684210525107  123.0  0.0  0  0  1  0  0  0  0  0  0  0  0  0  1  0
19.0  7.9  14.6  65.0  0.027631578947421076  99.0  0.0  0  0  0  1  0  0  0  0  0  0  0  0  1  0
22.5  9.1  12.3  71.0  -4.372368421052556  138.5  0.0  0  0  0  0  1  0  0  0  0  0  0  0  1  0
25.6  9.4  10.6  74.0  -6.072368421052602  165.0  0.0  0  0  0  0  0  1  0  0  0  0  0  0  1  0
27.5  7.5  15.0  69.0  -4.172368421052511  126.0  0.0  0  0  0  0  0  0  1  0  0  0  0  0  1  0
23.5  7.8  11.0  68.0  -1.0723684210526017  175.5  0.0  0  0  0  0  0  0  0  1  0  0  0  0  1  0
19.5  7.1  10.6  66.0  2.127631578947444  318.0  0.0  0  0  0  0  0  0  0  0  1  0  0  0  1  0
14.4  6.1  8.6  59.0  2.127631578947444  135.0  0.0  0  0  0  0  0  0  0  0  0  1  0  0  1  0
9.5  5.9  7.2  52.0  5.327631578947489  200.5  0.0  0  0  0  0  0  0  0  0  0  0  1  0  1  0
7.6  5.4  9.1  45.0  5.2276315789474666  42.0  0.0  0  0  0  0  0  0  0  0  0  0  0  0  1  0
8.6  4.1  12.3  45.0  1.8276315789474893  57.0  0.0  1  0  0  0  0  0  0  0  0  0  0  0  1  0
10.8  5.4  14.9  44.0  0.3276315789474893  77.0  0.0  0  1  0  0  0  0  0  0  0  0  0  0  1  0
13.7  7.8  15.2  59.0  0.027631578947421076  134.0  0.0  0  0  1  0  0  0  0  0  0  0  0  0  1  0
19.8  6.4  19.6  58.0  -6.472368421052579  115.5  0.0  0  0  0  1  0  0  0  0  0  0  0  0  1  0
23.2  7.7  18.3  66.0  -4.172368421052511  80.0  0.0  0  0  0  0  1  0  0  0  0  0  0  0  1  0
24.4  8.8  11.1  74.0  -8.272368421052533  253.0  0.0  0  0  0  0  0  1  0  0  0  0  0  0  1  0
29.0  6.4  18.2  66.0  -2.5723684210526017  9.5  0.0  0  0  0  0  0  0  1  0  0  0  0  0  1  0
25.2  8.0  11.8  71.0  -1.0723684210526017  319.5  0.0  0  0  0  0  0  0  0  1  0  0  0  0  1  0
19.0  7.3  9.8  63.0  3.2276315789474666  135.5  0.0  0  0  0  0  0  0  0  0  1  0  0  0  1  0
9.0  5.0  8.1  54.0  1.3276315789474893  72.0  0.0  0  0  0  0  0  0  0  0  0  0  1  0  1  0
5.9  5.4  8.7  45.0  3.527631578947421  17.5  0.0  0  0  0  0  0  0  0  0  0  0  0  0  1  0
10.7  5.7  14.2  52.0  1.1276315789474438  119.5  0.0  0  1  0  0  0  0  0  0  0  0  0  0  1  0
14.7  7.2  15.0  59.0  -0.27236842105253345  240.0  0.0  0  0  1  0  0  0  0  0  0  0  0  0  1  0
18.5  8.5  14.9  65.0  -2.0723684210526017  255.0  0.0  0  0  0  1  0  0  0  0  0  0  0  0  1  0
21.3  8.8  13.5  72.0  -3.6723684210525107  225.5  0.0  0  0  0  0  1  0  0  0  0  0  0  0  1  0
27.0  8.6  17.7  71.0  -4.7723684210525334  48.0  0.0  0  0  0  0  0  1  0  0  0  0  0  0  1  0
24.4  7.9  12.2  69.0  -1.8723684210525562  158.5  0.0  0  0  0  0  0  0  0  1  0  0  0  0  1  0
19.4  7.1  10.6  66.0  3.527631578947421  204.5  0.0  0  0  0  0  0  0  0  0  1  0  0  0  1  0
13.1  6.2  8.3  56.0  2.627631578947444  74.0  0.0  0  0  0  0  0  0  0  0  0  1  0  0  1  0
9.8  4.0  8.6  53.0  3.127631578947444  70.5  0.0  0  0  0  0  0  0  0  0  0  0  1  0  1  0
6.8  5.5  8.9  48.0  2.9276315789473983  142.0  0.0  0  0  0  0  0  0  0  0  0  0  0  0  1  0
7.8  6.6  10.2  50.0  0.8276315789474893  46.5  0.0  1  0  0  0  0  0  0  0  0  0  0  0  1  0
10.0  6.4  13.4  48.0  1.527631578947421  98.5  0.0  0  1  0  0  0  0  0  0  0  0  0  0  1  0
15.7  5.5  18.7  54.0  -1.1723684210525107  162.5  0.0  0  0  1  0  0  0  0  0  0  0  0  0  1  0
20.1  8.1  15.6  64.0  -2.5723684210526017  242.0  0.0  0  0  0  1  0  0  0  0  0  0  0  0  1  0
22.5  9.0  13.6  72.0  -6.572368421052602  226.0  0.0  0  0  0  0  1  0  0  0  0  0  0  0  1  0
26.3  9.0  14.1  72.0  -6.572368421052602  78.5  0.0  0  0  0  0  0  1  0  0  0  0  0  0  1  0
26.6  8.2  14.9  69.0  -4.372368421052556  242.0  0.0  0  0  0  0  0  0  1  0  0  0  0  0  1  0
23.0  7.6  13.0  64.0  -0.8723684210525562  53.0  0.0  0  0  0  0  0  0  0  1  0  0  0  0  1  0
19.0  6.4  10.5  64.0  0.42763157894739834  276.5  0.0  0  0  0  0  0  0  0  0  1  0  0  0  1  0
13.5  6.8  7.8  63.0  5.027631578947421  151.5  0.0  0  0  0  0  0  0  0  0  0  1  0  0  1  0
9.0  4.6  8.4  51.0  0.42763157894739834  82.5  0.0  0  0  0  0  0  0  0  0  0  0  1  0  1  0
7.0  3.8  10.6  41.0  0.3276315789474893  9.0  0.0  0  0  0  0  0  0  0  0  0  0  0  0  1  0
6.5  6.9  9.1  60.0  2.7276315789474666  115.0  2.0  1  0  0  0  0  0  0  0  0  0  0  0  1  0
9.1  7.0  12.4  61.0  2.8276315789474893  143.5  0.0  0  1  0  0  0  0  0  0  0  0  0  0  1  0
12.4  8.2  14.1  62.0  3.7276315789474666  214.0  0.0  0  0  1  0  0  0  0  0  0  0  0  0  1  0
19.0  7.4  18.2  60.0  -2.5723684210526017  114.0  0.0  0  0  0  1  0  0  0  0  0  0  0  0  1  0
23.6  7.9  18.0  67.0  -2.7723684210525334  108.0  0.0  0  0  0  0  1  0  0  0  0  0  0  0  1  0
28.0  7.7  17.3  70.0  -3.972368421052579  70.0  0.0  0  0  0  0  0  1  0  0  0  0  0  0  1  0
29.6  6.7  18.5  67.0  -0.1723684210525107  27.0  0.0  0  0  0  0  0  0  1  0  0  0  0  0  1  0
25.1  7.6  13.5  68.0  -1.5723684210526017  428.0  0.0  0  0  0  0  0  0  0  1  0  0  0  0  1  0
18.9  8.6  8.7  68.0  2.8276315789474893  211.0  0.0  0  0  0  0  0  0  0  0  1  0  0  0  1  0
13.5  5.8  9.6  56.0  2.4276315789473983  94.5  0.0  0  0  0  0  0  0  0  0  0  1  0  0  1  0
9.9  4.5  9.0  50.0  -4.7723684210525334  145.5  0.0  0  0  0  0  0  0  0  0  0  0  1  0  1  0
5.1  3.2  11.5  36.0  -0.7723684210525334  3.5  0.0  0  0  0  0  0  0  0  0  0  0  0  0  1  0
7.0  5.7  10.9  52.0  3.7276315789474666  151.0  2.0  1  0  0  0  0  0  0  0  0  0  0  0  1  0
8.1  5.3  16.0  47.0  0.6276315789474438  74.0  0.0  0  1  0  0  0  0  0  0  0  0  0  0  1  0
14.5  5.7  18.6  50.0  -0.9723684210525789  96.0  0.0  0  0  1  0  0  0  0  0  0  0  0  0  1  0
18.5  8.0  15.4  63.0  -2.372368421052556  213.5  0.0  0  0  0  1  0  0  0  0  0  0  0  0  1  0
22.8  9.0  14.2  71.0  -4.572368421052602  116.5  0.0  0  0  0  0  1  0  0  0  0  0  0  0  1  0
27.3  7.0  18.2  67.0  -5.372368421052556  54.5  0.0  0  0  0  0  0  1  0  0  0  0  0  0  1  0
27.5  7.6  15.8  71.0  -3.472368421052579  244.0  0.0  0  0  0  0  0  0  1  0  0  0  0  0  1  0
25.1  7.1  14.6  68.0  -2.1723684210525107  235.0  0.0  0  0  0  0  0  0  0  1  0  0  0  0  1  0
19.5  7.4  11.3  61.0  3.7276315789474666  119.5  0.0  0  0  0  0  0  0  0  0  1  0  0  0  1  0
14.9  6.7  9.1  58.0  5.527631578947421  112.5  0.0  0  0  0  0  0  0  0  0  0  1  0  0  1  0
7.5  4.5  8.5  48.0  3.4276315789473983  59.5  0.0  0  0  0  0  0  0  0  0  0  0  1  0  1  0
4.8  5.0  9.6  43.0  2.7276315789474666  50.0  4.0  0  0  0  0  0  0  0  0  0  0  0  0  1  0
5.4  6.4  11.0  49.0  1.7276315789474666  94.0  2.0  1  0  0  0  0  0  0  0  0  0  0  0  1  0
8.8  6.4  12.5  59.0  0.5276315789474211  144.5  0.0  0  1  0  0  0  0  0  0  0  0  0  0  1  0
14.5  6.9  16.2  63.0  0.9276315789473983  118.5  0.0  0  0  1  0  0  0  0  0  0  0  0  0  1  0
19.6  7.5  18.5  65.0  -3.972368421052579  231.0  0.0  0  0  0  1  0  0  0  0  0  0  0  0  1  0
21.4  8.9  16.1  73.0  -4.2723684210525334  185.0  0.0  0  0  0  0  1  0  0  0  0  0  0  0  1  0
29.1  6.3  19.8  69.0  -1.6723684210525107  25.0  0.0  0  0  0  0  0  0  1  0  0  0  0  0  1  0
26.2  8.1  14.5  73.0  -0.07236842105260166  214.5  0.0  0  0  0  0  0  0  0  1  0  0  0  0  1  0
19.4  6.8  12.0  65.0  1.1276315789474438  154.5  0.0  0  0  0  0  0  0  0  0  1  0  0  0  1  0
12.7  5.8  9.1  58.0  -0.27236842105253345  154.0  0.0  0  0  0  0  0  0  0  0  0  1  0  0  1  0
7.3  4.7  8.2  52.0  1.1276315789474438  69.0  0.0  0  0  0  0  0  0  0  0  0  0  1  0  1  0
5.5  3.9  10.7  47.0  2.7276315789474666  70.0  8.0  0  0  0  0  0  0  0  0  0  0  0  0  1  0
6.2  5.6  12.1  48.0  3.027631578947421  30.0  0.0  1  0  0  0  0  0  0  0  0  0  0  0  1  0
15.2  5.9  17.7  55.0  -3.972368421052579  283.0  0.0  0  0  1  0  0  0  0  0  0  0  0  0  1  0
19.8  6.0  21.3  61.0  -1.8723684210525562  56.0  0.0  0  0  0  1  0  0  0  0  0  0  0  0  1  0
22.9  8.7  15.9  74.0  -4.572368421052602  159.0  0.0  0  0  0  0  1  0  0  0  0  0  0  0  1  0
27.3  8.7  17.8  73.0  -5.672368421052511  115.5  0.0  0  0  0  0  0  1  0  0  0  0  0  0  1  0
29.2  6.9  18.2  70.0  -6.972368421052579  99.0  0.0  0  0  0  0  0  0  1  0  0  0  0  0  1  0
19.8  7.9  9.4  72.0  3.127631578947444  440.0  0.0  0  0  0  0  0  0  0  0  1  0  0  0  1  0
13.5  4.7  9.7  55.0  1.2276315789474666  26.0  0.0  0  0  0  0  0  0  0  0  0  1  0  0  1  0
8.3  4.3  8.6  52.0  -0.7723684210525334  59.5  0.0  0  0  0  0  0  0  0  0  0  0  1  0  1  0
6.3  4.5  10.2  45.0  3.527631578947421  24.5  0.0  0  0  0  0  0  0  0  0  0  0  0  0  1  0
10.4  5.6  14.7  52.0  0.42763157894739834  113.5  0.0  0  1  0  0  0  0  0  0  0  0  0  0  1  0
15.0  5.7  18.6  56.0  1.8276315789474893  155.0  0.0  0  0  1  0  0  0  0  0  0  0  0  0  1  0
20.3  6.7  20.5  62.0  -3.472368421052579  135.5  0.0  0  0  0  1  0  0  0  0  0  0  0  0  1  0
23.4  8.4  15.7  75.0  -6.972368421052579  311.0  0.0  0  0  0  0  1  0  0  0  0  0  0  0  1  0
26.8  7.6  17.8  74.0  -5.372368421052556  105.5  0.0  0  0  0  0  0  1  0  0  0  0  0  0  1  0
27.7  7.5  16.2  74.0  -4.172368421052511  105.0  0.0  0  0  0  0  0  0  1  0  0  0  0  0  1  0
23.2  7.8  13.5  68.0  -1.472368421052579  155.5  0.0  0  0  0  0  0  0  0  1  0  0  0  0  1  0
19.1  7.4  10.4  67.0  3.4276315789473983  384.5  0.0  0  0  0  0  0  0  0  0  1  0  0  0  1  0
14.2  6.2  8.3  63.0  3.527631578947421  98.5  0.0  0  0  0  0  0  0  0  0  0  1  0  0  1  0
5.8  4.4  9.2  52.0  2.2276315789474666  92.5  3.0  0  0  0  0  0  0  0  0  0  0  0  0  0  1
5.7  5.4  11.3  59.0  2.4276315789473983  62.0  0.0  1  0  0  0  0  0  0  0  0  0  0  0  0  1
10.3  5.9  14.5  57.0  3.8276315789474893  94.0  0.0  0  1  0  0  0  0  0  0  0  0  0  0  0  1
14.5  7.9  14.2  71.0  4.027631578947421  129.0  0.0  0  0  1  0  0  0  0  0  0  0  0  0  0  1
21.1  6.9  20.8  62.0  -2.972368421052579  88.0  0.0  0  0  0  1  0  0  0  0  0  0  0  0  0  1
22.1  8.9  16.0  75.0  -4.2723684210525334  195.5  0.0  0  0  0  0  1  0  0  0  0  0  0  0  0  1
26.2  7.5  16.2  80.0  -3.372368421052556  234.5  0.0  0  0  0  0  0  1  0  0  0  0  0  0  0  1
26.7  7.7  14.0  78.0  -3.2723684210525334  103.5  0.0  0  0  0  0  0  0  1  0  0  0  0  0  0  1
22.6  8.3  11.4  79.0  -0.27236842105253345  503.5  0.0  0  0  0  0  0  0  0  1  0  0  0  0  0  1
18.4  6.2  12.3  66.0  2.7276315789474666  57.0  0.0  0  0  0  0  0  0  0  0  1  0  0  0  0  1
13.9  7.1  7.9  74.0  8.427631578947398  139.5  0.0  0  0  0  0  0  0  0  0  0  1  0  0  0  1
9.3  5.7  8.2  57.0  6.427631578947398  82.5  0.0  0  0  0  0  0  0  0  0  0  0  1  0  0  1
6.1  4.4  9.9  55.0  3.3276315789474893  85.0  6.0  0  0  0  0  0  0  0  0  0  0  0  0  0  1
7.2  5.8  11.4  56.0  5.927631578947398  57.0  0.0  1  0  0  0  0  0  0  0  0  0  0  0  0  1
10.1  7.0  13.5  61.0  6.127631578947444  103.0  0.0  0  1  0  0  0  0  0  0  0  0  0  0  0  1
15.4  8.2  14.9  67.0  0.8276315789474893  120.0  0.0  0  0  1  0  0  0  0  0  0  0  0  0  0  1
20.2  7.3  19.3  66.0  0.6276315789474438  137.5  0.0  0  0  0  1  0  0  0  0  0  0  0  0  0  1
25.4  8.2  15.3  80.0  -2.5723684210526017  81.5  0.0  0  0  0  0  0  1  0  0  0  0  0  0  0  1
27.1  7.8  15.8  78.0  -7.572368421052602  414.0  0.0  0  0  0  0  0  0  1  0  0  0  0  0  0  1
24.4  8.9  10.0  86.0  0.8276315789474893  287.0  0.0  0  0  0  0  0  0  0  1  0  0  0  0  0  1
18.7  7.9  9.6  72.0  4.927631578947398  96.5  0.0  0  0  0  0  0  0  0  0  1  0  0  0  0  1
11.4  6.7  8.2  71.0  6.327631578947489  139.0  0.0  0  0  0  0  0  0  0  0  0  1  0  0  0  1
8.9  4.9  9.1  59.0  5.2276315789474666  84.0  0.0  0  0  0  0  0  0  0  0  0  0  1  0  0  1
5.8  3.3  10.8  53.0  2.4276315789473983  26.0  0.0  0  0  0  0  0  0  0  0  0  0  0  0  0  1
6.9  4.7  13.2  49.0  1.3276315789474893  15.5  0.0  1  0  0  0  0  0  0  0  0  0  0  0  0  1
8.5  6.6  14.3  60.0  1.6276315789474438  85.5  0.0  0  1  0  0  0  0  0  0  0  0  0  0  0  1
14.7  6.9  17.7  66.0  0.027631578947421076  122.0  0.0  0  0  1  0  0  0  0  0  0  0  0  0  0  1
20.0  7.3  19.4  72.0  -0.3723684210525562  49.0  0.0  0  0  0  1  0  0  0  0  0  0  0  0  0  1
22.0  8.4  17.4  73.0  -4.2723684210525334  106.5  0.0  0  0  0  0  1  0  0  0  0  0  0  0  0  1
26.4  9.2  12.0  83.0  -4.972368421052579  141.5  0.0  0  0  0  0  0  0  1  0  0  0  0  0  0  1
22.8  8.4  12.4  79.0  -1.0723684210526017  209.5  0.0  0  0  0  0  0  0  0  1  0  0  0  0  0  1
16.8  8.1  8.2  82.0  5.7276315789474666  531.5  0.0  0  0  0  0  0  0  0  0  1  0  0  0  0  1
11.9  6.1  9.6  67.0  4.7276315789474666  47.0  0.0  0  0  0  0  0  0  0  0  0  1  0  0  0  1
6.6  3.9  9.6  56.0  3.4276315789473983  15.0  0.0  0  0  0  0  0  0  0  0  0  0  1  0  0  1
END

# Initial values. Initialize other values using "gen inits".

list(inv.sigma2 = 1)